3 0.70703125 0.2890625 0.2125 0.30625
1 0.71875 0.5484375 0.25 0.36328125
1 0.4890625 0.52734375 0.22578125 0.26640625
2 0.3453125 0.475 0.1765625 0.1953125
0 0.17265625 0.3609375 0.21953125 0.28671875
0 0.11171875 0.18984375 0.2234375 0.30703125
0 0.25625 0.1953125 0.16953125 0.1765625
2 0.28515625 0.76953125 0.34140625 0.40859375
0 0.54765625 0.81875 0.3078125 0.3625
0 0.8796875 0.26796875 0.23984375 0.31171875
1 0.32265625 0.24296875 0.20703125 0.26640625
0 0.3328125 0.0671875 0.175 0.134375
1 0.459375 0.21015625 0.23828125 0.29609375
0 0.8875 0.07890625 0.225 0.1578125
0 0.73671875 0.0890625 0.1578125 0.178125