1 0.37109375 0.571875 0.228125 0.2796875
1 0.5234375 0.4828125 0.15859375 0.20859375
1 0.19140625 0.3421875 0.1375 0.19765625
0 0.2890625 0.4 0.2109375 0.19609375
0 0.43203125 0.2984375 0.1609375 0.1421875
0 0.8328125 0.35 0.2078125 0.29375
1 0.71328125 0.4328125 0.115625 0.17421875
0 0.715625 0.584375 0.18515625 0.2203125
0 0.86640625 0.82890625 0.2078125 0.28046875
0 0.60078125 0.7171875 0.16015625 0.2359375
0 0.503125 0.709375 0.10234375 0.1578125
0 0.67578125 0.89453125 0.10625 0.1765625
0 0.578125 0.2203125 0.10625 0.17109375