2 0.46875 0.4578125 0.27578125 0.24140625
2 0.7578125 0.42734375 0.34140625 0.23671875
1 0.5234375 0.29609375 0.24609375 0.1859375
1 0.2234375 0.59921875 0.2328125 0.18125
1 0.4234375 0.60625 0.27734375 0.1890625
3 0.07890625 0.47890625 0.15703125 0.128125
0 0.046875 0.6109375 0.09375 0.11796875
0 0.16484375 0.40703125 0.1890625 0.121875
1 0.16796875 0.209375 0.18515625 0.140625
2 0.25078125 0.26875 0.19375 0.1765625
3 0.35703125 0.2046875 0.16015625 0.14375
0 0.0640625 0.325 0.128125 0.171875
1 0.25234375 0.096875 0.1984375 0.14609375
0 0.53828125 0.17734375 0.17734375 0.12578125
0 0.525 0.065625 0.1828125 0.1296875