1 0.52109375 0.4484375 0.27578125 0.278125
3 0.49453125 0.26875 0.12734375 0.18671875
1 0.35390625 0.33984375 0.1171875 0.15234375
3 0.215625 0.43515625 0.11640625 0.12890625
0 0.28046875 0.51796875 0.10703125 0.14375
0 0.3515625 0.60390625 0.09453125 0.228125
1 0.25546875 0.30703125 0.0828125 0.14609375
3 0.46875 0.63828125 0.1890625 0.2453125
2 0.68359375 0.7703125 0.19375 0.2765625
1 0.53203125 0.7796875 0.140625 0.21171875
1 0.90234375 0.66015625 0.1953125 0.33828125
1 0.76328125 0.3390625 0.21875 0.3265625
0 0.65390625 0.1796875 0.2109375 0.22890625
0 0.8953125 0.10234375 0.209375 0.20390625
1 0.93828125 0.3578125 0.1234375 0.26484375