0 0.10078125 0.4578125 0.2015625 0.15234375
1 0.26875 0.409375 0.16953125 0.134375
1 0.37890625 0.375 0.11484375 0.10078125
3 0.54375 0.4328125 0.14140625 0.1265625
2 0.3390625 0.65390625 0.1578125 0.1296875
0 0.2015625 0.6234375 0.21015625 0.15
1 0.103125 0.7171875 0.20625 0.12421875
0 0.46171875 0.7421875 0.15546875 0.12734375
0 0.56015625 0.55 0.15859375 0.09921875
0 0.31953125 0.26640625 0.1515625 0.14140625
0 0.42265625 0.29296875 0.1546875 0.10078125
3 0.18125 0.28671875 0.1765625 0.13203125
1 0.0671875 0.19140625 0.13125 0.13671875
3 0.07890625 0.06015625 0.1578125 0.1140625
3 0.22265625 0.06796875 0.1421875 0.1359375
1 0.35703125 0.11015625 0.1375 0.13828125
1 0.4 0.03984375 0.1265625 0.07890625
1 0.459375 0.13046875 0.0890625 0.11875
0 0.5140625 0.05 0.10234375 0.084375
0 0.5796875 0.090625 0.09375 0.08671875
0 0.60234375 0.234375 0.10625 0.121875
2 0.52890625 0.22578125 0.11640625 0.10703125
1 0.57578125 0.35703125 0.13203125 0.1203125