0 0.6015625 0.5109375 0.14921875 0.2015625
2 0.50859375 0.37265625 0.09375 0.153125
0 0.39375 0.35078125 0.10546875 0.11484375
0 0.4109375 0.28359375 0.06953125 0.07890625
2 0.25546875 0.60625 0.08984375 0.16015625
2 0.359375 0.615625 0.1421875 0.175
3 0.26484375 0.50390625 0.09375 0.06328125
3 0.2296875 0.39140625 0.090625 0.0875
1 0.1390625 0.446875 0.10078125 0.08984375
0 0.16484375 0.53359375 0.06640625 0.0828125
0 0.16640625 0.59453125 0.06484375 0.06015625
3 0.465625 0.48515625 0.11328125 0.13515625
0 0.76171875 0.38671875 0.16640625 0.24296875
1 0.74140625 0.57265625 0.1578125 0.19375
0 0.71484375 0.665625 0.09921875 0.109375
0 0.90390625 0.68203125 0.19140625 0.22578125
2 0.9015625 0.46875 0.16640625 0.24375
2 0.7875 0.17265625 0.16640625 0.27109375
1 0.903125 0.2578125 0.1265625 0.1734375
1 0.5921875 0.1609375 0.125 0.1828125
1 0.67578125 0.22734375 0.06328125 0.12109375
1 0.71640625 0.08125 0.11796875 0.1421875
3 0.6375 0.34296875 0.0953125 0.14609375
0 0.45546875 0.10625 0.09765625 0.13515625
2 0.4046875 0.19453125 0.0796875 0.1359375
0 0.33828125 0.19765625 0.07109375 0.10859375
3 0.34765625 0.27578125 0.075 0.07890625