0 0.4546875 0.56328125 0.24453125 0.33984375
0 0.60078125 0.33515625 0.190625 0.3
3 0.70390625 0.14296875 0.27421875 0.2859375
0 0.41171875 0.2 0.2046875 0.309375
0 0.18046875 0.2640625 0.22109375 0.2484375
0 0.18515625 0.08671875 0.178125 0.1734375
0 0.08828125 0.40234375 0.1578125 0.1875
3 0.27109375 0.41328125 0.1515625 0.20859375
0 0.15625 0.51796875 0.16015625 0.2484375
3 0.3046875 0.57890625 0.12734375 0.175
0 0.446875 0.3703125 0.18984375 0.18828125
0 0.62109375 0.62578125 0.1953125 0.3578125
2 0.78671875 0.7296875 0.2375 0.3390625