0 0.7640625 0.38515625 0.1796875 0.23203125
1 0.7375 0.5734375 0.15 0.18984375
0 0.59140625 0.50859375 0.14609375 0.2109375
2 0.5140625 0.375 0.11015625 0.16484375
0 0.41328125 0.315625 0.09765625 0.12890625
3 0.63984375 0.3484375 0.0890625 0.14765625
3 0.4703125 0.48984375 0.12890625 0.1734375
2 0.36484375 0.62109375 0.1140625 0.19296875
3 0.2484375 0.60078125 0.09765625 0.1375
1 0.14296875 0.45 0.1234375 0.12421875
3 0.22890625 0.41015625 0.09765625 0.11171875
3 0.253125 0.51640625 0.09453125 0.10078125
0 0.16328125 0.5421875 0.09296875 0.0796875
0 0.1671875 0.6 0.07109375 0.07109375
0 0.34140625 0.1953125 0.096875 0.1078125
2 0.3546875 0.28359375 0.084375 0.08671875
2 0.40546875 0.19609375 0.08359375 0.13984375
0 0.44765625 0.103125 0.10625 0.140625
1 0.58125 0.16484375 0.13671875 0.16171875
1 0.71328125 0.09375 0.1390625 0.1703125
2 0.78828125 0.1671875 0.1625 0.24140625
0 0.90859375 0.2484375 0.15234375 0.2328125
2 0.903125 0.459375 0.17109375 0.2421875
0 0.89921875 0.66640625 0.2015625 0.21171875
0 0.728125 0.67890625 0.11953125 0.134375
1 0.296875 0.29453125 0.06875 0.1046875