0 0.33359375 0.43828125 0.2765625 0.20546875
1 0.45390625 0.71640625 0.4359375 0.33203125
0 0.14375 0.57734375 0.23125 0.18046875
0 0.1296875 0.38125 0.240625 0.1734375
0 0.37265625 0.1828125 0.16875 0.1515625
0 0.55625 0.21875 0.19765625 0.13359375
0 0.240625 0.19140625 0.16640625 0.1359375
0 0.10234375 0.24609375 0.18125 0.10703125
0 0.23125 0.30546875 0.16171875 0.09609375
0 0.4984375 0.0828125 0.140625 0.10859375
0 0.834375 0.19609375 0.15 0.125
0 0.790625 0.48984375 0.23828125 0.20546875
0 0.8109375 0.71953125 0.3265625 0.28203125