2 0.4671875 0.3796875 0.24375 0.3328125
0 0.84765625 0.32421875 0.3046875 0.465625
0 0.36484375 0.25546875 0.12578125 0.19453125
0 0.1515625 0.259375 0.2203125 0.240625
0 0.11171875 0.44921875 0.18125 0.18125
2 0.2984375 0.4703125 0.21953125 0.29765625
2 0.33125 0.7921875 0.23203125 0.4046875
0 0.0921875 0.86796875 0.15 0.2640625
0 0.1640625 0.6484375 0.18125 0.25234375
0 0.06796875 0.66875 0.115625 0.23203125
0 0.1953125 0.85 0.11015625 0.20234375
1 0.565625 0.65546875 0.27734375 0.28671875
1 0.6828125 0.81953125 0.259375 0.3109375