1 0.6515625 0.25234375 0.36953125 0.4234375
2 0.490625 0.38125 0.19921875 0.27265625
0 0.8203125 0.42109375 0.31484375 0.4328125
1 0.78671875 0.75546875 0.23671875 0.3078125
0 0.58125 0.66328125 0.26171875 0.34296875
0 0.52734375 0.8640625 0.31171875 0.271875
2 0.32578125 0.69140625 0.13515625 0.140625
1 0.31171875 0.85546875 0.17890625 0.17578125
1 0.21484375 0.8125 0.2453125 0.24375
0 0.1203125 0.78125 0.09296875 0.146875
0 0.15390625 0.621875 0.14375 0.1671875
1 0.26171875 0.49140625 0.2203125 0.275
1 0.34609375 0.1984375 0.3046875 0.31875
0 0.1921875 0.23984375 0.15546875 0.16640625
0 0.171875 0.390625 0.20390625 0.19296875