1 0.54609375 0.57421875 0.1859375 0.253125
1 0.67109375 0.43671875 0.19609375 0.275
0 0.55078125 0.2859375 0.1828125 0.20078125
2 0.5 0.41015625 0.11875 0.1421875
0 0.3953125 0.3625 0.1546875 0.23046875
1 0.321875 0.5796875 0.18203125 0.215625
0 0.20546875 0.70859375 0.221875 0.28125
1 0.0578125 0.58984375 0.115625 0.15859375
0 0.21484375 0.4421875 0.14375 0.18359375
1 0.6421875 0.1203125 0.246875 0.23984375
0 0.86328125 0.31171875 0.23125 0.26796875
3 0.91796875 0.65390625 0.13515625 0.20234375
0 0.74609375 0.73515625 0.21328125 0.32734375
0 0.45 0.74765625 0.1640625 0.2484375