3 0.21796875 0.42265625 0.246875 0.31484375
0 0.271875 0.1265625 0.26171875 0.253125
0 0.37109375 0.38125 0.18515625 0.1984375
1 0.884375 0.2421875 0.23125 0.28359375
0 0.746875 0.15859375 0.115625 0.1453125
0 0.59921875 0.11953125 0.1625 0.1203125
0 0.46328125 0.27578125 0.16640625 0.2125
0 0.63125 0.28515625 0.215625 0.26328125
2 0.73359375 0.44765625 0.18671875 0.2265625
0 0.60078125 0.5421875 0.15078125 0.19765625
1 0.43125 0.590625 0.278125 0.37421875
3 0.60625 0.8234375 0.13046875 0.2203125
1 0.49453125 0.834375 0.1671875 0.2421875
1 0.26640625 0.77421875 0.259375 0.2796875
1 0.75234375 0.66484375 0.2765625 0.38125