0 0.48203125 0.49921875 0.22578125 0.2953125
3 0.459375 0.3625 0.1390625 0.159375
2 0.278125 0.36484375 0.20703125 0.24921875
0 0.39140625 0.196875 0.1921875 0.22890625
0 0.24765625 0.18984375 0.12421875 0.15546875
1 0.10390625 0.25546875 0.11328125 0.13203125
0 0.15703125 0.30625 0.1015625 0.115625
1 0.08046875 0.6359375 0.15625 0.1921875
3 0.38125 0.68359375 0.196875 0.35234375
0 0.22734375 0.8 0.16640625 0.15859375
1 0.309375 0.93671875 0.2 0.1265625
0 0.553125 0.83515625 0.27578125 0.32890625
2 0.778125 0.21484375 0.3875 0.42890625
0 0.58984375 0.23671875 0.19296875 0.26328125