2 0.47109375 0.41953125 0.41796875 0.28828125
2 0.55390625 0.64921875 0.3015625 0.221875
0 0.1875 0.69609375 0.375 0.3234375
0 0.38828125 0.753125 0.2015625 0.2078125
1 0.56328125 0.87421875 0.26015625 0.2515625
2 0.87890625 0.78203125 0.24140625 0.26875
2 0.85390625 0.503125 0.29140625 0.27890625
0 0.675 0.06796875 0.23203125 0.13515625
0 0.815625 0.121875 0.11640625 0.09765625
0 0.79453125 0.071875 0.0953125 0.07734375
0 0.90546875 0.0765625 0.11328125 0.1078125
0 0.9375 0.12578125 0.11953125 0.10546875
0 0.93203125 0.17734375 0.1359375 0.1140625
0 0.31640625 0.12578125 0.26328125 0.23515625
3 0.11640625 0.2390625 0.2328125 0.23125
0 0.20625 0.3984375 0.2484375 0.2671875
0 0.5921875 0.1328125 0.1609375 0.125
0 0.43046875 0.16015625 0.1390625 0.115625