2 0.69140625 0.76015625 0.2046875 0.246875
3 0.46640625 0.646875 0.26328125 0.25390625
1 0.53359375 0.77734375 0.178125 0.2015625
0 0.34765625 0.62265625 0.11015625 0.20390625
0 0.2640625 0.5265625 0.11171875 0.17578125
0 0.34140625 0.5125 0.10546875 0.1578125
1 0.2203125 0.44765625 0.13671875 0.1515625
1 0.3671875 0.3515625 0.13125 0.1859375
1 0.25390625 0.30078125 0.13125 0.17421875
1 0.5203125 0.45234375 0.27421875 0.23046875
3 0.68671875 0.55234375 0.2125 0.2015625
1 0.76171875 0.340625 0.23828125 0.2984375
3 0.4890625 0.25234375 0.1625 0.19609375
0 0.659375 0.1671875 0.2234375 0.22578125