1 0.7078125 0.8859375 0.29609375 0.228125
1 0.8765625 0.76875 0.24609375 0.28515625
1 0.49453125 0.559375 0.2328125 0.18046875
3 0.3453125 0.67421875 0.22734375 0.11015625
3 0.6296875 0.621875 0.2078125 0.14453125
0 0.7296875 0.5609375 0.1828125 0.1484375
0 0.8609375 0.4703125 0.246875 0.13515625
1 0.409375 0.3234375 0.15390625 0.153125
1 0.68515625 0.30859375 0.17890625 0.08984375
0 0.62109375 0.2234375 0.20703125 0.11484375
0 0.85 0.25703125 0.18359375 0.10703125
1 0.5703125 0.39296875 0.1671875 0.1171875