1 0.51875 0.50078125 0.16484375 0.2546875
1 0.44296875 0.71015625 0.196875 0.1890625
0 0.640625 0.7796875 0.17421875 0.20078125
2 0.646875 0.57421875 0.16328125 0.271875
1 0.63359375 0.4296875 0.0765625 0.10703125
3 0.59921875 0.1546875 0.16640625 0.15390625
1 0.4796875 0.3234375 0.13046875 0.19375
0 0.61796875 0.3328125 0.109375 0.1921875
2 0.31484375 0.1671875 0.06796875 0.1046875
2 0.22734375 0.20703125 0.0875 0.11015625
3 0.2421875 0.1140625 0.12421875 0.1234375
0 0.0828125 0.12734375 0.16015625 0.1703125
3 0.090625 0.23359375 0.10234375 0.08671875
0 0.14453125 0.315625 0.11328125 0.18046875
0 0.06953125 0.45625 0.1125 0.14609375
1 0.23125 0.334375 0.146875 0.2
3 0.365625 0.4109375 0.10078125 0.15859375
0 0.56171875 0.27109375 0.11015625 0.15546875