3 0.83671875 0.4453125 0.24296875 0.26796875
3 0.690625 0.4046875 0.10078125 0.125
1 0.56015625 0.43359375 0.1734375 0.23828125
0 0.45703125 0.54765625 0.18359375 0.24765625
0 0.30390625 0.4671875 0.16875 0.234375
2 0.2890625 0.6375 0.1375 0.19765625
3 0.153125 0.57578125 0.190625 0.21015625
0 0.15 0.43671875 0.15859375 0.1484375
1 0.13359375 0.825 0.2484375 0.23671875
2 0.4453125 0.8078125 0.2203125 0.2515625
3 0.26796875 0.90859375 0.18515625 0.18203125
0 0.66484375 0.88671875 0.1953125 0.2265625
1 0.71328125 0.696875 0.2546875 0.21953125
3 0.8265625 0.81953125 0.14609375 0.23125