3 0.53671875 0.26328125 0.215625 0.3796875
0 0.740625 0.2234375 0.20078125 0.3453125
0 0.15859375 0.10234375 0.1703125 0.20390625
1 0.11171875 0.434375 0.21484375 0.27578125
2 0.28515625 0.2828125 0.19921875 0.28828125
2 0.428125 0.18046875 0.12109375 0.26328125
1 0.46875 0.54609375 0.3125 0.31640625
1 0.24140625 0.7171875 0.27734375 0.34296875
0 0.4015625 0.8765625 0.21171875 0.24609375
3 0.571875 0.765625 0.20703125 0.2859375
3 0.65390625 0.43984375 0.10078125 0.1984375
1 0.81484375 0.634375 0.2515625 0.3453125