0 0.52421875 0.38828125 0.3546875 0.2359375
3 0.76875 0.446875 0.2421875 0.225
1 0.2375 0.35390625 0.3015625 0.24765625
1 0.07890625 0.42890625 0.15703125 0.1515625
0 0.10546875 0.225 0.21015625 0.2359375
2 0.475 0.15859375 0.3171875 0.26015625
0 0.74453125 0.2046875 0.2625 0.29296875
2 0.884375 0.3515625 0.225 0.16171875
0 0.44921875 0.68984375 0.20859375 0.15390625
0 0.34609375 0.571875 0.24609375 0.165625
3 0.13828125 0.58203125 0.25703125 0.1484375
3 0.1 0.7234375 0.19921875 0.16875
2 0.23828125 0.7234375 0.2375 0.1640625
0 0.6625 0.68828125 0.221875 0.1875
1 0.609375 0.534375 0.171875 0.12421875