3 0.6734375 0.45 0.1609375 0.2671875
3 0.67421875 0.67265625 0.2234375 0.2796875
0 0.6546875 0.88984375 0.3140625 0.21953125
1 0.45859375 0.6640625 0.21875 0.3390625
1 0.41015625 0.16875 0.2390625 0.33671875
3 0.6109375 0.15859375 0.26640625 0.31640625
0 0.22734375 0.16328125 0.19453125 0.2453125
1 0.0765625 0.16640625 0.153125 0.3328125
0 0.07578125 0.4609375 0.1421875 0.2671875
0 0.21484375 0.77734375 0.28203125 0.3859375
0 0.134375 0.89921875 0.246875 0.2015625
2 0.2609375 0.37265625 0.215625 0.2796875
1 0.4953125 0.3796875 0.3015625 0.2859375
0 0.3671875 0.5875 0.17890625 0.2796875
0 0.140625 0.57265625 0.19296875 0.1734375