0 0.6125 0.78046875 0.25546875 0.4390625
3 0.44375 0.784375 0.1140625 0.12890625
3 0.3828125 0.65546875 0.15 0.184375
0 0.21328125 0.70078125 0.13828125 0.22109375
0 0.26484375 0.55 0.14375 0.1921875
0 0.3015625 0.79921875 0.1765625 0.32421875
0 0.46015625 0.41484375 0.18125 0.28046875
0 0.384375 0.0734375 0.121875 0.146875
1 0.5 0.078125 0.115625 0.15625
0 0.50234375 0.23828125 0.11171875 0.1421875
3 0.75390625 0.2484375 0.21953125 0.303125
0 0.58828125 0.17421875 0.1875 0.240625
1 0.67421875 0.4390625 0.23125 0.31015625
1 0.56875 0.5453125 0.16796875 0.2265625
0 0.80546875 0.68828125 0.23515625 0.45078125