0 0.70703125 0.7609375 0.2296875 0.359375
0 0.13203125 0.890625 0.0984375 0.13046875
0 0.52421875 0.81953125 0.28125 0.32890625
3 0.26015625 0.81796875 0.26484375 0.2609375
0 0.3078125 0.60546875 0.190625 0.1953125
0 0.2078125 0.590625 0.140625 0.21328125
2 0.1015625 0.746875 0.19375 0.1484375
0 0.06171875 0.646875 0.1234375 0.2625
1 0.13125 0.5109375 0.15703125 0.221875
0 0.15546875 0.36015625 0.12890625 0.1625
1 0.4140625 0.48203125 0.25859375 0.30234375
3 0.49453125 0.3 0.140625 0.17265625
3 0.4046875 0.06875 0.125 0.13671875
0 0.5296875 0.146875 0.2234375 0.253125
1 0.7296875 0.36171875 0.40078125 0.4