1 0.46953125 0.53046875 0.31484375 0.34921875
0 0.75234375 0.2265625 0.23125 0.36328125
2 0.53671875 0.265625 0.20078125 0.32421875
3 0.65234375 0.4078125 0.10625 0.24140625
2 0.4171875 0.175 0.13203125 0.2703125
0 0.15546875 0.09609375 0.1640625 0.1921875
2 0.2828125 0.3078125 0.2 0.2625
1 0.11171875 0.44609375 0.2234375 0.3015625
1 0.2390625 0.69140625 0.27421875 0.3546875
3 0.56328125 0.77890625 0.27265625 0.3328125
0 0.396875 0.8609375 0.215625 0.278125
1 0.79765625 0.634375 0.24140625 0.25546875