3 0.52109375 0.26875 0.240625 0.334375
0 0.74765625 0.21328125 0.21328125 0.28046875
3 0.659375 0.41484375 0.1609375 0.18671875
1 0.43046875 0.19921875 0.1546875 0.19765625
3 0.2953125 0.28984375 0.19296875 0.22109375
0 0.159375 0.0921875 0.20625 0.18359375
1 0.11484375 0.4390625 0.2296875 0.284375
1 0.22890625 0.725 0.25 0.30234375
0 0.14296875 0.928125 0.2640625 0.14375
0 0.3890625 0.86640625 0.175 0.2671875
3 0.5640625 0.7703125 0.234375 0.28671875
1 0.46796875 0.5515625 0.29609375 0.2890625
1 0.82421875 0.6265625 0.28828125 0.2390625