0 0.49375 0.5125 0.2125 0.3359375
0 0.56015625 0.2453125 0.259375 0.29375
3 0.390625 0.26953125 0.18671875 0.24921875
1 0.2875 0.146875 0.18125 0.25625
1 0.175 0.096875 0.1609375 0.165625
1 0.28203125 0.47890625 0.1890625 0.17734375
0 0.2390625 0.33828125 0.1734375 0.1671875
2 0.12578125 0.4171875 0.1421875 0.1640625
2 0.2046875 0.64921875 0.35390625 0.3859375
0 0.8390625 0.8390625 0.32109375 0.321875
1 0.72890625 0.52421875 0.29453125 0.4
1 0.8484375 0.14375 0.303125 0.2875
1 0.46484375 0.78203125 0.27578125 0.21953125