3 0.27734375 0.33984375 0.1953125 0.29375
3 0.66953125 0.15390625 0.2203125 0.26171875
1 0.4859375 0.2890625 0.1578125 0.21953125
3 0.3640625 0.12421875 0.190625 0.2484375
3 0.15703125 0.08359375 0.18359375 0.16640625
2 0.515625 0.1203125 0.16015625 0.23984375
0 0.7828125 0.278125 0.2265625 0.25390625
0 0.60234375 0.33828125 0.1359375 0.2140625
0 0.74453125 0.46953125 0.25 0.34921875
1 0.7359375 0.63984375 0.22578125 0.25078125
1 0.8953125 0.840625 0.19765625 0.2796875
1 0.6859375 0.8359375 0.24140625 0.30703125
1 0.55859375 0.5328125 0.17890625 0.28515625
2 0.3765625 0.53828125 0.21484375 0.36171875
2 0.371875 0.790625 0.14921875 0.29140625
1 0.2421875 0.775 0.1765625 0.29921875
1 0.25703125 0.534375 0.08125 0.16015625
0 0.17421875 0.1984375 0.140625 0.22578125
1 0.53828125 0.72265625 0.1765625 0.22734375
1 0.46796875 0.89375 0.15234375 0.2125