1 0.37578125 0.30703125 0.2265625 0.33828125
0 0.46015625 0.60859375 0.228125 0.34140625
0 0.8375 0.4609375 0.28984375 0.378125
0 0.57265625 0.14375 0.2453125 0.28671875
2 0.67265625 0.33984375 0.21484375 0.3328125
1 0.303125 0.1203125 0.19453125 0.240625
3 0.1375 0.10234375 0.13828125 0.20390625
3 0.11640625 0.3484375 0.21484375 0.23828125
2 0.23046875 0.31796875 0.1484375 0.1734375
3 0.109375 0.684375 0.1828125 0.20859375
3 0.1828125 0.59921875 0.12421875 0.1328125
3 0.32265625 0.85859375 0.225 0.2234375
1 0.66640625 0.76796875 0.25390625 0.36328125