2 0.453125 0.490625 0.21640625 0.3828125
2 0.65390625 0.47578125 0.23828125 0.259375
0 0.68203125 0.30390625 0.2078125 0.23203125
0 0.49765625 0.23046875 0.209375 0.26484375
0 0.30546875 0.24296875 0.2265625 0.278125
0 0.1234375 0.17421875 0.22109375 0.25859375
0 0.13984375 0.42265625 0.17421875 0.23828125
0 0.28984375 0.4796875 0.2671875 0.31171875
3 0.37421875 0.68359375 0.18828125 0.18984375
1 0.61953125 0.75546875 0.3109375 0.3765625
0 0.4265625 0.86875 0.2125 0.2625
0 0.23984375 0.7265625 0.16875 0.18046875
0 0.19609375 0.909375 0.23515625 0.18125
0 0.3125 0.80703125 0.00390625 0.0296875
0 0.075 0.7421875 0.15 0.196875