0 0.23671875 0.3953125 0.2984375 0.15
0 0.67578125 0.4 0.18359375 0.11640625
2 0.56953125 0.353125 0.12265625 0.084375
0 0.35546875 0.23984375 0.26953125 0.17578125
0 0.2703125 0.11796875 0.20625 0.10390625
0 0.15 0.2046875 0.16171875 0.10859375
0 0.33828125 0.56953125 0.12421875 0.09765625
0 0.30234375 0.69921875 0.240625 0.17890625
0 0.49921875 0.73671875 0.246875 0.165625
1 0.628125 0.57421875 0.1984375 0.165625
1 0.890625 0.61953125 0.21875 0.1859375
0 0.86875 0.29375 0.18984375 0.11328125
1 0.484375 0.4265625 0.20859375 0.15234375
0 0.88984375 0.49609375 0.1921875 0.10703125
0 0.859375 0.40078125 0.2046875 0.09921875
3 0.46484375 0.571875 0.13515625 0.15078125
1 0.1203125 0.615625 0.240625 0.28984375