1 0.50390625 0.81171875 0.2796875 0.325
0 0.715625 0.77109375 0.2171875 0.35234375
1 0.4234375 0.46796875 0.2484375 0.29140625
1 0.73515625 0.3515625 0.35078125 0.43984375
3 0.49296875 0.28828125 0.14609375 0.18359375
0 0.51015625 0.1140625 0.1890625 0.19921875
0 0.15703125 0.34609375 0.14609375 0.16640625
1 0.11640625 0.5328125 0.14921875 0.24296875
0 0.2546875 0.5859375 0.19140625 0.284375
3 0.246875 0.81171875 0.21953125 0.2484375
0 0.15078125 0.9140625 0.1765625 0.171875
2 0.1109375 0.7484375 0.17734375 0.15234375
0 0.059375 0.6484375 0.11875 0.23359375