0 0.246875 0.16328125 0.2484375 0.3265625
0 0.56875 0.1484375 0.2375 0.29609375
0 0.08046875 0.2953125 0.1609375 0.16171875
1 0.134375 0.44296875 0.19140625 0.26875
3 0.26875 0.37578125 0.08984375 0.14296875
3 0.38125 0.27265625 0.1515625 0.19375
1 0.36171875 0.46171875 0.16796875 0.24296875
0 0.52109375 0.39609375 0.159375 0.234375
0 0.6671875 0.50546875 0.1484375 0.17734375
1 0.515625 0.60390625 0.20625 0.33828125
0 0.66875 0.7421875 0.21171875 0.3359375
0 0.87109375 0.55625 0.1921875 0.2828125
0 0.42265625 0.80703125 0.24765625 0.3859375
1 0.19140625 0.8671875 0.2390625 0.265625
0 0.1125 0.6984375 0.21484375 0.2734375
1 0.2671875 0.6171875 0.178125 0.253125