0 0.721875 0.60234375 0.21953125 0.3265625
1 0.66328125 0.3421875 0.21484375 0.28515625
0 0.8703125 0.26328125 0.20859375 0.240625
3 0.67265625 0.1140625 0.25546875 0.22734375
1 0.4765625 0.11171875 0.178125 0.2234375
0 0.50078125 0.30234375 0.14296875 0.1921875
2 0.52890625 0.53984375 0.22578125 0.2609375
2 0.6203125 0.72421875 0.1890625 0.2453125
1 0.54765625 0.89140625 0.2546875 0.2171875
0 0.303125 0.70234375 0.1625 0.2796875
0 0.10859375 0.71328125 0.0953125 0.15078125
0 0.1671875 0.61875 0.07265625 0.12421875
0 0.18671875 0.68203125 0.0671875 0.090625
1 0.22578125 0.5703125 0.075 0.10234375
1 0.4046875 0.4109375 0.16015625 0.1734375
0 0.1328125 0.440625 0.12109375 0.15
0 0.15625 0.29453125 0.128125 0.16015625
0 0.2078125 0.19375 0.10234375 0.12734375
0 0.28359375 0.18828125 0.0890625 0.13125
3 0.30546875 0.290625 0.11875 0.15
2 0.25703125 0.43515625 0.15625 0.25234375
3 0.0984375 0.57890625 0.11953125 0.16953125