1 0.4390625 0.5109375 0.23359375 0.29921875
3 0.52265625 0.7515625 0.1515625 0.225
0 0.6203125 0.7453125 0.15859375 0.25234375
1 0.28125 0.54921875 0.22890625 0.29375
0 0.19140625 0.88046875 0.228125 0.2265625
1 0.34375 0.8765625 0.19765625 0.24609375
0 0.096875 0.5171875 0.134375 0.16875
0 0.1703125 0.60703125 0.121875 0.12578125
0 0.21171875 0.359375 0.12421875 0.140625
3 0.1515625 0.4 0.09609375 0.0828125
1 0.33828125 0.3296875 0.1484375 0.15390625
0 0.22421875 0.10546875 0.13828125 0.1328125
0 0.2921875 0.23046875 0.14765625 0.146875
0 0.14375 0.24140625 0.09609375 0.11328125
0 0.48046875 0.890625 0.128125 0.13671875