0 0.25625 0.55078125 0.3046875 0.38203125
1 0.2078125 0.85546875 0.26484375 0.2890625
0 0.48984375 0.6953125 0.25390625 0.3546875
1 0.38984375 0.4109375 0.234375 0.28828125
0 0.5609375 0.28203125 0.2203125 0.28515625
0 0.64375 0.1640625 0.153125 0.2015625
3 0.8109375 0.28671875 0.19453125 0.2671875
0 0.7953125 0.1140625 0.1984375 0.228125
0 0.3515625 0.16484375 0.18203125 0.1921875
1 0.49375 0.10390625 0.17265625 0.2078125
0 0.203125 0.121875 0.171875 0.24375
1 0.190625 0.3359375 0.20546875 0.2171875
0 0.62109375 0.5109375 0.26171875 0.28671875