0 0.19765625 0.35546875 0.1703125 0.24296875
2 0.453125 0.47421875 0.271875 0.31484375
3 0.328125 0.409375 0.08828125 0.16015625
3 0.240625 0.55625 0.1375 0.2453125
2 0.27109375 0.80859375 0.18671875 0.271875
0 0.39453125 0.621875 0.1671875 0.1890625
1 0.55390625 0.72890625 0.140625 0.19609375
1 0.72265625 0.82421875 0.21484375 0.2265625
2 0.62109375 0.6 0.20078125 0.22578125
1 0.56484375 0.23828125 0.228125 0.23515625
2 0.46875 0.1484375 0.1375 0.15390625
0 0.37734375 0.26640625 0.1984375 0.15859375
0 0.77265625 0.38671875 0.19453125 0.20234375
0 0.6140625 0.41796875 0.15 0.1828125
1 0.88984375 0.44609375 0.1640625 0.2203125