3 0.87890625 0.52109375 0.090625 0.1671875
3 0.9296875 0.19296875 0.140625 0.26328125
1 0.584375 0.196875 0.26484375 0.29609375
1 0.7703125 0.084375 0.171875 0.16875
1 0.7484375 0.165625 0.1640625 0.26171875
1 0.22265625 0.09921875 0.1703125 0.1984375
0 0.34765625 0.321875 0.20234375 0.2515625
3 0.19296875 0.3734375 0.15 0.20859375
0 0.2828125 0.6015625 0.20390625 0.3
1 0.084375 0.17890625 0.140625 0.1734375
1 0.09296875 0.7921875 0.18515625 0.31875
0 0.07578125 0.53515625 0.1515625 0.26171875
1 0.45703125 0.54296875 0.27421875 0.35546875
0 0.6359375 0.46171875 0.16875 0.28203125
0 0.7578125 0.60078125 0.21875 0.346875
3 0.8625 0.70078125 0.10390625 0.225
0 0.5375 0.803125 0.2234375 0.39375