0 0.10546875 0.7390625 0.19921875 0.23671875
0 0.48984375 0.31015625 0.2421875 0.24921875
1 0.54609375 0.53359375 0.23046875 0.2484375
1 0.353125 0.55859375 0.15625 0.15078125
1 0.421875 0.6875 0.1671875 0.2
2 0.25234375 0.67890625 0.1796875 0.22265625
3 0.31015625 0.38828125 0.14921875 0.17890625
3 0.30703125 0.8203125 0.20703125 0.21484375
2 0.571875 0.75859375 0.21796875 0.23671875
0 0.79609375 0.79296875 0.2375 0.31796875
0 0.14765625 0.46796875 0.11796875 0.26171875
3 0.228125 0.13515625 0.15078125 0.1671875