0 0.175 0.21953125 0.34921875 0.4390625
0 0.34453125 0.10390625 0.1546875 0.2078125
1 0.5015625 0.20625 0.21875 0.38828125
1 0.78515625 0.1796875 0.28984375 0.359375
1 0.90234375 0.31171875 0.1953125 0.3328125
1 0.4640625 0.70234375 0.26015625 0.346875
1 0.2875 0.7578125 0.28046875 0.32265625
3 0.62421875 0.6890625 0.1609375 0.24296875
3 0.75390625 0.6609375 0.13203125 0.1859375
0 0.63984375 0.51484375 0.21875 0.25703125
0 0.62890625 0.32890625 0.20703125 0.253125
0 0.38984375 0.4234375 0.25 0.3125