0 0.12734375 0.55859375 0.19609375 0.21640625
0 0.16328125 0.72421875 0.14140625 0.13046875
2 0.27109375 0.396875 0.27109375 0.28203125
1 0.49921875 0.5359375 0.18203125 0.29921875
0 0.42421875 0.81796875 0.265625 0.28828125
0 0.64609375 0.65078125 0.18125 0.259375
0 0.26171875 0.0890625 0.15078125 0.17734375
2 0.4390625 0.1875 0.178125 0.26484375
3 0.69609375 0.10703125 0.2359375 0.2140625
2 0.53984375 0.0921875 0.1140625 0.184375
1 0.69140625 0.3546875 0.31015625 0.36875
3 0.77734375 0.5015625 0.21640625 0.25703125
0 0.81484375 0.7921875 0.234375 0.3265625