2 0.75859375 0.2046875 0.3015625 0.38828125
2 0.34453125 0.30390625 0.15 0.21015625
0 0.43828125 0.19296875 0.1359375 0.16171875
0 0.31875 0.159375 0.14296875 0.15078125
1 0.1875 0.1859375 0.1203125 0.1125
0 0.06015625 0.3546875 0.1203125 0.2109375
0 0.16328125 0.29375 0.13125 0.15234375
0 0.121875 0.3890625 0.125 0.08828125
1 0.26015625 0.4359375 0.1515625 0.20234375
3 0.42734375 0.58125 0.1703125 0.23515625
0 0.5234375 0.421875 0.2109375 0.2078125
3 0.5 0.29296875 0.153125 0.17265625
0 0.89140625 0.79765625 0.2171875 0.3078125
0 0.621875 0.21875 0.10390625 0.15390625
0 0.58125 0.69453125 0.21328125 0.33359375
3 0.70703125 0.54453125 0.2625 0.33203125
1 0.37109375 0.7671875 0.21953125 0.16953125
1 0.39921875 0.9015625 0.2578125 0.196875
1 0.18671875 0.75078125 0.16953125 0.159375
0 0.26640625 0.63359375 0.1546875 0.21796875