0 0.228125 0.846875 0.27265625 0.30546875
1 0.1453125 0.63203125 0.1375 0.21875
1 0.1359375 0.459375 0.12421875 0.18359375
0 0.18515625 0.25234375 0.13515625 0.18984375
0 0.2609375 0.0953125 0.1515625 0.18984375
2 0.56796875 0.1890625 0.2453125 0.26328125
2 0.3921875 0.55234375 0.2359375 0.365625
0 0.478125 0.78203125 0.26640625 0.415625
1 0.7171875 0.6328125 0.2171875 0.23671875
1 0.61640625 0.45859375 0.28671875 0.26328125
0 0.3203125 0.25859375 0.153125 0.21015625
0 0.24921875 0.61484375 0.10546875 0.171875
0 0.6828125 0.8640625 0.19375 0.271875
0 0.884375 0.15234375 0.23125 0.3046875