0 0.490625 0.65234375 0.27265625 0.23828125
2 0.7421875 0.63203125 0.27265625 0.25234375
1 0.58125 0.42109375 0.22890625 0.2171875
0 0.203125 0.646875 0.27578125 0.17578125
0 0.0734375 0.540625 0.146875 0.19296875
0 0.10625 0.4421875 0.13046875 0.1
2 0.1046875 0.3 0.190625 0.1296875
0 0.14609375 0.20546875 0.0953125 0.07734375
0 0.28671875 0.25078125 0.16328125 0.084375
0 0.20078125 0.23671875 0.1046875 0.06953125
0 0.29453125 0.19921875 0.08671875 0.06015625
0 0.60078125 0.29140625 0.13515625 0.07578125
0 0.4671875 0.2734375 0.16484375 0.09921875
0 0.3484375 0.33046875 0.19765625 0.11796875
3 0.3796875 0.4359375 0.1671875 0.1203125
3 0.2078125 0.45859375 0.19765625 0.146875
2 0.38515625 0.5390625 0.24609375 0.15625
0 0.37734375 0.85625 0.2921875 0.2375
2 0.67890625 0.853125 0.30390625 0.24140625