0 0.56484375 0.51953125 0.17578125 0.26875
0 0.53046875 0.2859375 0.23359375 0.21875
3 0.7875 0.50078125 0.15703125 0.2453125
1 0.73984375 0.67265625 0.1296875 0.14921875
0 0.1765625 0.67578125 0.17890625 0.2734375
1 0.4015625 0.50390625 0.16953125 0.2484375
1 0.2734375 0.38671875 0.13671875 0.16328125
0 0.28125 0.24375 0.08203125 0.12578125
0 0.05078125 0.19375 0.08515625 0.1328125
3 0.1578125 0.25859375 0.12890625 0.196875
1 0.1359375 0.41640625 0.1375 0.12734375
1 0.353125 0.67578125 0.128125 0.17890625
2 0.48828125 0.6328125 0.17421875 0.16640625
1 0.6359375 0.8171875 0.159375 0.1921875
3 0.79140625 0.84609375 0.18203125 0.1890625
0 0.41171875 0.828125 0.23046875 0.2453125
3 0.20625 0.93046875 0.159375 0.1390625
0 0.04765625 0.6265625 0.0703125 0.09921875
0 0.0609375 0.690625 0.05546875 0.09921875
2 0.071875 0.86796875 0.1125 0.18828125
0 0.6921875 0.19375 0.11015625 0.153125