0 0.4578125 0.55078125 0.26640625 0.33984375
3 0.2875 0.5796875 0.15546875 0.1765625
3 0.26953125 0.40390625 0.17890625 0.18046875
0 0.17421875 0.52734375 0.19921875 0.2328125
0 0.0796875 0.396875 0.146875 0.1671875
0 0.18828125 0.26484375 0.17734375 0.21875
0 0.4140625 0.20546875 0.225 0.29140625
0 0.178125 0.0890625 0.2 0.178125
0 0.59765625 0.3328125 0.19453125 0.28828125
3 0.690625 0.13359375 0.23125 0.2671875
0 0.6328125 0.584375 0.23828125 0.34609375
2 0.78671875 0.7265625 0.26640625 0.35625
3 0.88125 0.2921875 0.2375 0.353125