3 0.365625 0.64765625 0.17109375 0.20234375
3 0.4390625 0.821875 0.15625 0.20546875
1 0.3078125 0.803125 0.16875 0.2171875
0 0.215625 0.6921875 0.17109375 0.18515625
0 0.61640625 0.76015625 0.2515625 0.4265625
0 0.78984375 0.7625 0.2046875 0.4
1 0.7 0.42890625 0.27734375 0.3203125
3 0.746875 0.23203125 0.22265625 0.25390625
0 0.38984375 0.08046875 0.1078125 0.15859375
1 0.48359375 0.084375 0.09140625 0.16875
0 0.49609375 0.228125 0.08046875 0.18203125
1 0.60546875 0.16015625 0.18984375 0.2625
0 0.4765625 0.409375 0.18828125 0.27578125
0 0.2671875 0.56484375 0.125 0.225
0 0.5703125 0.56640625 0.18046875 0.2359375