2 0.428125 0.50625 0.253125 0.2734375
2 0.29296875 0.5640625 0.221875 0.25625
1 0.34296875 0.3375 0.1578125 0.14609375
0 0.22890625 0.3578125 0.14375 0.1578125
3 0.51640625 0.7515625 0.10625 0.21640625
0 0.625 0.7390625 0.1234375 0.225
1 0.34375 0.878125 0.19375 0.24375
0 0.18515625 0.88125 0.23125 0.23671875
1 0.4828125 0.8859375 0.1234375 0.12890625
0 0.1046875 0.5265625 0.1296875 0.1578125
0 0.1578125 0.60078125 0.06953125 0.11328125
0 0.2203125 0.1078125 0.1359375 0.175
0 0.30078125 0.23671875 0.13203125 0.16875