1 0.50546875 0.43984375 0.2921875 0.25234375
3 0.24921875 0.52890625 0.21953125 0.13984375
1 0.115625 0.490625 0.14375 0.15703125
1 0.12421875 0.34921875 0.2484375 0.153125
0 0.1234375 0.2015625 0.246875 0.221875
1 0.4546875 0.284375 0.2875 0.18515625
0 0.25078125 0.61328125 0.16484375 0.146875
1 0.6625 0.334375 0.18046875 0.140625
0 0.63515625 0.20625 0.1421875 0.12421875
0 0.4875 0.096875 0.196875 0.12578125
0 0.38671875 0.17265625 0.12734375 0.15703125
0 0.7609375 0.134375 0.13359375 0.06875
0 0.88203125 0.225 0.14296875 0.13125
0 0.76953125 0.2953125 0.1375 0.134375