0 0.56484375 0.3078125 0.15234375 0.19453125
3 0.375 0.27734375 0.13203125 0.19765625
3 0.53515625 0.56484375 0.14921875 0.1921875
0 0.38671875 0.6421875 0.14609375 0.19140625
1 0.4078125 0.4890625 0.14453125 0.1765625
3 0.646875 0.59921875 0.1234375 0.16796875
2 0.58828125 0.7546875 0.1640625 0.22109375
3 0.46796875 0.671875 0.14921875 0.15
1 0.4578125 0.79375 0.11875 0.165625
1 0.8578125 0.70625 0.2171875 0.3046875
3 0.64921875 0.20703125 0.125 0.221875
0 0.75234375 0.1125 0.2234375 0.225
1 0.53359375 0.10546875 0.18984375 0.2109375
0 0.45 0.25625 0.11796875 0.23359375
0 0.49609375 0.4390625 0.121875 0.17265625