1 0.48125 0.41875 0.18203125 0.26875
1 0.59375 0.46875 0.15390625 0.2171875
0 0.6703125 0.38515625 0.1078125 0.1171875
1 0.60859375 0.640625 0.17890625 0.196875
1 0.428125 0.63125 0.1625 0.2359375
3 0.31328125 0.44609375 0.1375 0.1828125
0 0.3875 0.44140625 0.05234375 0.12578125
3 0.1890625 0.45234375 0.16484375 0.1078125
2 0.11796875 0.58046875 0.23046875 0.228125
2 0.21171875 0.7359375 0.1390625 0.14765625
0 0.30390625 0.60625 0.1125 0.16640625
0 0.32734375 0.784375 0.16953125 0.2390625
1 0.4734375 0.80859375 0.1421875 0.19453125
1 0.6796875 0.8578125 0.321875 0.284375
3 0.0484375 0.83359375 0.09609375 0.18515625
3 0.16171875 0.9140625 0.1796875 0.171875