1 0.48046875 0.69453125 0.22890625 0.37421875
3 0.671875 0.46328125 0.16796875 0.26328125
3 0.66875 0.6703125 0.19921875 0.26640625
3 0.621875 0.14453125 0.26171875 0.2890625
1 0.4078125 0.15546875 0.21484375 0.31015625
0 0.24375 0.1609375 0.1953125 0.19296875
1 0.2734375 0.37578125 0.2125 0.29375
1 0.48671875 0.39609375 0.27734375 0.2765625
1 0.08125 0.17109375 0.1625 0.3421875
0 0.13359375 0.584375 0.1578125 0.18515625
1 0.04453125 0.48828125 0.0890625 0.1890625
0 0.07734375 0.36171875 0.14765625 0.1265625
3 0.13828125 0.4859375 0.08515625 0.1125
0 0.215625 0.80078125 0.2859375 0.31171875
0 0.125 0.903125 0.25 0.19296875
1 0.6 0.8609375 0.28203125 0.278125
1 0.3609375 0.6015625 0.165625 0.26328125