1 0.52578125 0.50234375 0.29921875 0.27890625
2 0.83984375 0.4109375 0.23515625 0.30078125
3 0.2890625 0.30625 0.240625 0.18125
3 0.1359375 0.2078125 0.140625 0.11015625
3 0.46484375 0.08203125 0.1625 0.14609375
3 0.82578125 0.08125 0.3140625 0.1625
3 0.5703125 0.15546875 0.1390625 0.14921875
2 0.88671875 0.22890625 0.196875 0.17421875
1 0.14453125 0.459375 0.24375 0.15078125
1 0.09453125 0.6171875 0.18515625 0.19375
2 0.325 0.7015625 0.39453125 0.2796875
0 0.6171875 0.84609375 0.315625 0.3078125