2 0.53359375 0.51015625 0.2921875 0.32421875
2 0.4203125 0.72578125 0.1109375 0.23671875
0 0.36953125 0.66875 0.06328125 0.1328125
0 0.215625 0.46484375 0.17265625 0.21328125
1 0.32734375 0.559375 0.15234375 0.26484375
0 0.29296875 0.2015625 0.1484375 0.290625
2 0.471875 0.153125 0.253125 0.30078125
0 0.65703125 0.2890625 0.21484375 0.2828125
1 0.83984375 0.425 0.3203125 0.453125
3 0.528125 0.728125 0.12109375 0.18984375
2 0.63515625 0.7390625 0.12890625 0.20703125
0 0.853125 0.8484375 0.275 0.303125
0 0.184375 0.27109375 0.0796875 0.1328125
0 0.22734375 0.3453125 0.1171875 0.075