2 0.509375 0.5984375 0.2203125 0.28515625
3 0.328125 0.3421875 0.19609375 0.19609375
0 0.29453125 0.51171875 0.1453125 0.190625
1 0.47421875 0.41640625 0.23984375 0.17109375
2 0.365625 0.6921875 0.18828125 0.2421875
0 0.73359375 0.75234375 0.10078125 0.27734375
0 0.884375 0.8328125 0.23125 0.334375
3 0.90546875 0.6109375 0.1890625 0.28671875
1 0.54140625 0.2890625 0.153125 0.1953125
3 0.3703125 0.11484375 0.209375 0.2296875
3 0.2859375 0.18828125 0.103125 0.1265625
1 0.57578125 0.071875 0.08125 0.14375