1 0.290625 0.23359375 0.21875 0.34921875
3 0.38671875 0.47421875 0.234375 0.20859375
2 0.09453125 0.57578125 0.18828125 0.253125
2 0.23125 0.484375 0.1578125 0.23515625
1 0.42265625 0.25 0.0921875 0.1375
1 0.46875 0.38671875 0.19375 0.29921875
0 0.58828125 0.5296875 0.25546875 0.309375
0 0.42109375 0.66796875 0.1375 0.20859375
0 0.53671875 0.71328125 0.14609375 0.23671875
1 0.26015625 0.7375 0.2234375 0.32890625
3 0.08671875 0.90859375 0.1671875 0.1828125
0 0.1015625 0.76328125 0.12578125 0.209375
0 0.5875 0.78828125 0.25390625 0.30859375
1 0.7109375 0.87734375 0.16875 0.2453125