2 0.471875 0.5828125 0.2859375 0.40703125
0 0.6625 0.50625 0.190625 0.33046875
2 0.56328125 0.265625 0.1625 0.22265625
2 0.43671875 0.33359375 0.16328125 0.22421875
1 0.22734375 0.39296875 0.17890625 0.22578125
1 0.19375 0.23984375 0.13046875 0.15
1 0.2453125 0.6625 0.22265625 0.30078125
0 0.3203125 0.47265625 0.109375 0.18359375
2 0.33359375 0.85078125 0.11875 0.20859375
0 0.4671875 0.8734375 0.19765625 0.25234375
3 0.78203125 0.78203125 0.2171875 0.35234375
3 0.5953125 0.80078125 0.15 0.2796875
2 0.8921875 0.47890625 0.18046875 0.33203125
1 0.4875 0.13046875 0.23046875 0.2609375