0 0.66875 0.25234375 0.40390625 0.425
2 0.48515625 0.3734375 0.14453125 0.24375
1 0.3375 0.2109375 0.2578125 0.26953125
0 0.196875 0.25 0.10546875 0.1484375
0 0.1515625 0.59609375 0.13984375 0.16015625
1 0.2390625 0.48828125 0.19921875 0.24453125
0 0.1578125 0.39140625 0.1390625 0.1546875
2 0.33671875 0.75703125 0.1515625 0.290625
3 0.196875 0.80859375 0.15859375 0.23203125
0 0.1109375 0.7765625 0.0765625 0.10390625
0 0.59453125 0.68359375 0.1953125 0.3
1 0.83203125 0.4109375 0.271875 0.35703125
1 0.78671875 0.74296875 0.20625 0.32421875
0 0.47109375 0.85 0.1859375 0.2109375