0 0.5453125 0.20625 0.209375 0.13359375
0 0.38125 0.1828125 0.16640625 0.1234375
0 0.25859375 0.18359375 0.15 0.1140625
0 0.4984375 0.0828125 0.12109375 0.1125
1 0.45859375 0.71015625 0.41640625 0.34140625
0 0.81796875 0.71953125 0.31640625 0.26796875
0 0.7890625 0.49296875 0.2359375 0.20390625
0 0.34140625 0.41875 0.2546875 0.1875
0 0.15859375 0.56640625 0.259375 0.1890625
0 0.1140625 0.37265625 0.228125 0.1796875
0 0.090625 0.23984375 0.18125 0.11953125
0 0.21796875 0.29453125 0.1453125 0.10390625
0 0.83671875 0.1890625 0.16875 0.12890625