2 0.46484375 0.68359375 0.27734375 0.21484375
2 0.5921875 0.803125 0.18359375 0.1484375
1 0.25078125 0.75859375 0.33984375 0.21171875
1 0.1921875 0.90625 0.315625 0.16640625
2 0.796875 0.84140625 0.32109375 0.246875
2 0.52578125 0.5015625 0.30546875 0.26328125
1 0.6765625 0.6234375 0.15234375 0.1265625
0 0.35 0.56171875 0.16015625 0.12421875
1 0.21640625 0.621875 0.29609375 0.1390625
3 0.18359375 0.4625 0.1453125 0.12578125
1 0.08046875 0.3875 0.16015625 0.13984375
0 0.2171875 0.296875 0.19296875 0.1421875
0 0.2046875 0.20859375 0.109375 0.08046875
0 0.38515625 0.1609375 0.18359375 0.11171875
0 0.3734375 0.2859375 0.16015625 0.13359375
1 0.66328125 0.29140625 0.1140625 0.1078125
1 0.55078125 0.28359375 0.14921875 0.11171875