1 0.49921875 0.49296875 0.17734375 0.21875
0 0.30234375 0.36328125 0.2171875 0.315625
1 0.43515625 0.24375 0.18515625 0.24609375
0 0.37109375 0.13046875 0.15703125 0.1390625
0 0.53828125 0.1375 0.09609375 0.10078125
3 0.59375 0.278125 0.15078125 0.23359375
0 0.66796875 0.1390625 0.1140625 0.13671875
0 0.7953125 0.41875 0.2203125 0.29296875
3 0.6375 0.4703125 0.12421875 0.20625
1 0.58359375 0.6375 0.1421875 0.18984375
1 0.509375 0.73046875 0.165625 0.14765625
0 0.4046875 0.75625 0.17734375 0.17734375
1 0.32578125 0.59140625 0.171875 0.15625
0 0.6046875 0.7734375 0.15546875 0.23515625
1 0.76953125 0.7984375 0.165625 0.25
0 0.91484375 0.7625 0.1703125 0.275