2 0.478125 0.5921875 0.27109375 0.37578125
1 0.24609375 0.6671875 0.23125 0.265625
2 0.4265625 0.321875 0.165625 0.2328125
2 0.22265625 0.41015625 0.140625 0.15625
1 0.203125 0.275 0.13828125 0.18203125
0 0.6609375 0.52578125 0.1796875 0.32890625
2 0.90078125 0.4875 0.19375 0.30546875
3 0.7953125 0.77265625 0.21640625 0.31328125
3 0.61015625 0.78046875 0.13359375 0.20625
0 0.47109375 0.86640625 0.17890625 0.26015625
1 0.5703125 0.28828125 0.13203125 0.2265625
0 0.48359375 0.10390625 0.1609375 0.2078125
1 0.309375 0.84921875 0.0703125 0.175