2 0.4484375 0.296875 0.45625 0.37890625
1 0.80234375 0.4796875 0.3328125 0.275
2 0.3609375 0.51171875 0.325 0.20703125
1 0.228125 0.628125 0.25625 0.23359375
1 0.43359375 0.7359375 0.25234375 0.25234375
1 0.66484375 0.84609375 0.25234375 0.20234375
3 0.67421875 0.67421875 0.26171875 0.2390625
0 0.1640625 0.309375 0.25 0.225
1 0.0859375 0.4 0.171875 0.21484375
0 0.11640625 0.16328125 0.2328125 0.1546875
0 0.609375 0.08828125 0.23984375 0.17265625
0 0.784375 0.16328125 0.3078125 0.18984375
0 0.85 0.07578125 0.19375 0.1421875