1 0.4640625 0.56796875 0.20703125 0.3359375
0 0.63671875 0.4609375 0.203125 0.2796875
1 0.7453125 0.60859375 0.2234375 0.325
3 0.88359375 0.52265625 0.11484375 0.215625
3 0.86640625 0.703125 0.128125 0.215625
2 0.93515625 0.18671875 0.12890625 0.31484375
0 0.871875 0.1375 0.125 0.1953125
1 0.7640625 0.15078125 0.20859375 0.3015625
1 0.5890625 0.20234375 0.2765625 0.25625
0 0.35859375 0.30703125 0.24921875 0.26640625
2 0.37265625 0.175 0.16328125 0.1375
2 0.21875 0.10390625 0.20625 0.20703125
3 0.19609375 0.37421875 0.21328125 0.24609375
1 0.08359375 0.17734375 0.16015625 0.1953125
0 0.28046875 0.59453125 0.2359375 0.2765625
1 0.09609375 0.80078125 0.19140625 0.29921875
0 0.0953125 0.56953125 0.18515625 0.1859375
0 0.0734375 0.43828125 0.14296875 0.1796875
0 0.33671875 0.91875 0.25390625 0.1625
0 0.5578125 0.840625 0.23046875 0.29609375
1 0.7421875 0.86015625 0.2140625 0.2328125