0 0.4296875 0.55234375 0.175 0.3203125
0 0.62109375 0.56015625 0.303125 0.38515625
1 0.46484375 0.33125 0.22265625 0.26953125
2 0.6015625 0.190625 0.30234375 0.30234375
1 0.82890625 0.31484375 0.2484375 0.3046875
0 0.921875 0.18046875 0.15625 0.2328125
3 0.89921875 0.51015625 0.2015625 0.3609375
2 0.75390625 0.8796875 0.2515625 0.240625
0 0.39765625 0.80859375 0.196875 0.18515625
2 0.44609375 0.659375 0.1171875 0.12109375
2 0.5421875 0.7734375 0.1734375 0.18828125
3 0.68203125 0.76171875 0.15 0.159375