2 0.81640625 0.6203125 0.34140625 0.2984375
2 0.565625 0.69921875 0.16484375 0.128125
2 0.434375 0.6015625 0.18671875 0.159375
1 0.21796875 0.6203125 0.19375 0.1625
3 0.3640625 0.503125 0.15078125 0.11796875
1 0.51796875 0.49140625 0.2453125 0.19921875
1 0.3765625 0.2796875 0.284375 0.1953125
0 0.48515625 0.1359375 0.20546875 0.1625
3 0.62734375 0.06328125 0.17734375 0.1265625
3 0.790625 0.2125 0.2234375 0.1421875
0 0.9234375 0.0953125 0.153125 0.1015625
0 0.921875 0.27265625 0.15625 0.1546875
1 0.65703125 0.2609375 0.2671875 0.196875
0 0.80859375 0.3640625 0.246875 0.171875