1 0.16171875 0.52109375 0.3234375 0.5640625
1 0.43125 0.215625 0.228125 0.365625
2 0.4921875 0.46640625 0.21875 0.40078125
3 0.75703125 0.1796875 0.09921875 0.1796875
0 0.65546875 0.25625 0.20859375 0.3234375
0 0.903125 0.66171875 0.19375 0.3546875
0 0.6640625 0.90234375 0.240625 0.1953125
0 0.475 0.79609375 0.16796875 0.31015625
3 0.35390625 0.73125 0.1296875 0.24296875
0 0.253125 0.74609375 0.1609375 0.18359375
1 0.265625 0.8859375 0.18828125 0.228125
0 0.1015625 0.8234375 0.18359375 0.21484375