0 0.67734375 0.3765625 0.11953125 0.12890625
1 0.4796875 0.415625 0.16484375 0.26328125
1 0.61015625 0.640625 0.17578125 0.2
1 0.48515625 0.8234375 0.17265625 0.21484375
0 0.6453125 0.8625 0.14375 0.25234375
0 0.74375 0.91171875 0.1703125 0.1765625
0 0.3328125 0.78828125 0.17578125 0.209375
3 0.18125 0.91171875 0.171875 0.1765625
1 0.290625 0.9421875 0.0984375 0.115625
3 0.31640625 0.44765625 0.13984375 0.19375
0 0.1828125 0.4515625 0.12734375 0.13046875
1 0.20625 0.740625 0.128125 0.1640625
1 0.31796875 0.59921875 0.13203125 0.13515625
0 0.596875 0.4640625 0.13828125 0.1828125
0 0.11953125 0.5953125 0.21171875 0.2328125
1 0.43515625 0.6125 0.203125 0.26171875