2 0.33125 0.65078125 0.2328125 0.325
0 0.14140625 0.64375 0.2828125 0.25625
1 0.15 0.27578125 0.2453125 0.22890625
3 0.175 0.421875 0.153125 0.140625
3 0.23359375 0.1703125 0.09375 0.13671875
3 0.31484375 0.17890625 0.10859375 0.21484375
2 0.38046875 0.28671875 0.1390625 0.22265625
0 0.2953125 0.3734375 0.11328125 0.18359375
0 0.10703125 0.884375 0.165625 0.1921875
2 0.6015625 0.6078125 0.225 0.2921875
1 0.47109375 0.70546875 0.13046875 0.23515625
1 0.46171875 0.52578125 0.09375 0.18203125
0 0.5375 0.21875 0.159375 0.2859375
2 0.8359375 0.8140625 0.1671875 0.25546875
3 0.31796875 0.91015625 0.11796875 0.1796875